4294967294,0
4294967278,119
4294967278,117
4294967278,116
4294967278,114
4294967278,113
4294967278,112
4294967279,106
4294967279,105
4294967279,104
4294967279,103
4294967279,102
4294967279,101
4294967294,427
4294967294,18
4294967294,127
4294967294,20
4294967294,13
4294967294,88
4294967294,97
4294967294,36
4294967294,39
4294967294,41
4294967294,52
4294967294,423
4294967294,387
4294967294,386
4294967294,51
4294967294,469
4294967294,1068
4294967294,201
4294967294,198
4294967294,1040
4294967294,1035
4294967294,1032
4294967294,1025
4294967294,159
4294967294,528
4294967294,419
4294967294,391
4294967294,182
4294967294,81
4294967294,179
4294967294,170
4294967294,162
4294967294,82
4294967294,7
4294967294,22
4294967278,132
4294967278,131
4294967278,130
4294967278,129
4294967278,128
4294967278,127
4294967278,126
4294967278,125
4294967278,124
4294967278,123
4294967278,122
4294967278,121
4294967278,120
4294967278,118
4294967278,115
4294967279,100
4294967279,99
4294967279,98
4294967279,97
4294967279,96
4294967279,95
4294967279,94
4294967279,93
4294967279,92
4294967279,91
4294967279,90
4294967279,89
4294967279,87
4294967279,86
4294967279,85
4294967279,84
4294967279,83
4294967279,82
4294967279,81
4294967279,80
4294967279,79
4294967279,78
4294967279,77
4294967279,76
4294967279,75
4294967279,74
4294967279,72
4294967279,71
4294967279,70
4294967279,69
4294967279,68
4294967279,67
4294967279,66
4294967279,65
4294967279,64
4294967279,63
4294967279,62
4294967279,61
4294967279,60
4294967279,59
4294967279,58
4294967279,57
4294967279,56
4294967279,55
4294967279,54
4294967279,53
4294967279,52
4294967279,51
4294967279,50
4294967279,49
4294967279,48
4294967279,47
4294967279,46
4294967279,45
4294967279,44
4294967279,43
4294967279,42
4294967279,41
4294967279,40
4294967279,39
4294967279,38
4294967279,37
4294967279,36
4294967279,35
4294967279,34
4294967279,33
4294967279,32
4294967279,31
4294967279,30
4294967279,29
4294967279,28
4294967279,27
4294967279,26
4294967279,25
4294967279,24
4294967279,23
4294967279,22
4294967279,21
4294967279,20
4294967279,19
4294967279,269
4294967279,18
4294967279,17
4294967279,281
4294967279,16
4294967279,15
4294967279,14
4294967279,13
4294967279,12
4294967279,11
4294967279,10
4294967279,9
4294967279,8
4294967279,276
4294967279,7
4294967279,6
4294967279,5
4294967279,4
4294967278,296
4294967278,0
4294967279,303
4294967279,73
4294967294,14
4294967294,126
4294967294,197
4294967294,195
4294967294,193
4294967294,1041
4294967294,1039
4294967294,1034
4294967294,1031
4294967294,1030
4294967294,1024
4294967294,92
4294967294,61
4294967294,30
4294967294,80
0,5
4294967294,166
4294967294,24
4294967294,17
4294967294,43
4294967294,416
4294967294,50
4294967279,184
4294967279,183
4294967294,6
4294967294,25
4294967294,26
4294967294,68
4294967294,12
4294967294,196
4294967294,194
4294967294,192
4294967294,1038
4294967294,1037
4294967294,1033
4294967294,1027
4294967294,158
4294967294,188
4294967294,67
4294967294,173
4294967294,163
4294967294,161
4294967294,11
4294967294,5
4294967278,295
4294967279,302
4294967278,294
4294967279,301
4294967278,293
4294967294,436
4294967294,186
4294967279,300
4294967278,292
10,6
10,5
10,4
10,3
10,2
10,1
4294967279,299
4294967279,298
4294967278,291
4294967279,297
4294967278,290
4294967279,296
4294967278,289
4294967279,295
4294967279,294
4294967278,288
4294967294,204
7,4
7,3
7,2
7,1
4294967279,293
4294967278,287
4294967279,292
4294967279,291
6,6
4294967294,1411
4294967294,471
4294967294,1410
4294967294,1409
4294967279,290
4294967278,286
4294967278,285
6,5
6,4
6,3
6,2
6,1
4294967279,289
4294967294,83
4294967278,284
4294967279,288
4294967279,287
5,5
5,4
5,3
5,2
5,1
4294967279,286
4294967278,283
4294967279,285
4294967278,282
4,5
4294967278,281
4,4
4,3
4,2
